Testing output (stl string)...
Testing output (stl number)...
Testing output (qsort string)...
Testing output (qsort number)...
999							      |	1
999							      |	2
998							      |	2
994							      |	4
993							      |	4
992							      |	4
988							      |	5
986							      |	6
986							      |	6
985							      |	6
985							      |	9
985							      |	10
984							      |	12
983							      |	12
983							      |	14
981							      |	15
977							      |	18
977							      |	18
971							      |	19
971							      |	20
970							      |	20
967							      |	20
966							      |	22
965							      |	23
965							      |	23
965							      |	24
964							      |	26
964							      |	29
962							      |	29
961							      |	30
961							      |	30
960							      |	31
960							      |	31
959							      |	31
958							      |	31
956							      |	32
956							      |	32
956							      |	33
956							      |	34
956							      |	34
955							      |	35
954							      |	35
954							      |	35
953							      |	36
951							      |	37
949							      |	37
949							      |	37
949							      |	40
949							      |	41
946							      |	41
945							      |	43
941							      |	45
941							      |	46
941							      |	47
940							      |	48
940							      |	48
940							      |	48
938							      |	49
938							      |	49
935							      |	50
934							      |	51
933							      |	52
933							      |	52
932							      |	53
932							      |	54
931							      |	55
929							      |	56
928							      |	58
926							      |	62
926							      |	62
925							      |	63
924							      |	63
924							      |	64
923							      |	66
923							      |	68
922							      |	70
922							      |	70
920							      |	71
919							      |	72
918							      |	76
917							      |	76
916							      |	76
916							      |	77
916							      |	78
915							      |	79
914							      |	80
914							      |	81
913							      |	81
913							      |	82
912							      |	83
912							      |	84
911							      |	84
910							      |	86
909							      |	86
906							      |	87
906							      |	87
904							      |	87
904							      |	89
899							      |	90
899							      |	91
899							      |	92
898							      |	93
897							      |	94
897							      |	96
897							      |	97
896							      |	98
895							      |	100
893							      |	101
892							      |	102
891							      |	103
891							      |	103
890							      |	104
888							      |	106
886							      |	106
885							      |	106
884							      |	108
884							      |	109
883							      |	110
883							      |	111
882							      |	111
882							      |	112
882							      |	113
882							      |	113
882							      |	113
881							      |	116
880							      |	118
879							      |	119
878							      |	119
877							      |	120
876							      |	120
876							      |	120
875							      |	121
874							      |	123
873							      |	125
872							      |	125
868							      |	127
867							      |	128
867							      |	128
867							      |	129
866							      |	130
865							      |	131
863							      |	131
862							      |	133
861							      |	133
860							      |	134
859							      |	134
857							      |	135
857							      |	135
856							      |	137
856							      |	137
855							      |	139
853							      |	141
853							      |	142
851							      |	142
851							      |	142
850							      |	143
850							      |	145
849							      |	145
849							      |	146
847							      |	146
845							      |	147
845							      |	147
842							      |	147
836							      |	148
835							      |	148
834							      |	148
833							      |	148
831							      |	149
829							      |	153
829							      |	154
829							      |	155
828							      |	157
828							      |	161
828							      |	163
828							      |	164
825							      |	166
823							      |	167
822							      |	168
821							      |	168
820							      |	169
820							      |	171
819							      |	174
819							      |	174
819							      |	174
816							      |	175
812							      |	175
810							      |	178
807							      |	179
806							      |	180
805							      |	181
805							      |	185
804							      |	186
801							      |	186
800							      |	190
800							      |	192
796							      |	192
795							      |	192
795							      |	195
793							      |	195
793							      |	196
792							      |	196
792							      |	197
788							      |	198
788							      |	199
786							      |	200
786							      |	200
786							      |	201
782							      |	201
782							      |	202
781							      |	203
779							      |	205
779							      |	205
778							      |	206
778							      |	207
777							      |	207
773							      |	208
773							      |	208
769							      |	208
768							      |	208
767							      |	209
767							      |	209
766							      |	209
765							      |	212
762							      |	212
762							      |	213
762							      |	213
760							      |	214
760							      |	216
759							      |	219
757							      |	220
757							      |	223
756							      |	225
755							      |	225
755							      |	227
754							      |	228
753							      |	228
753							      |	228
751							      |	229
750							      |	230
750							      |	230
749							      |	231
747							      |	231
746							      |	231
743							      |	233
743							      |	235
742							      |	238
740							      |	238
738							      |	239
738							      |	240
737							      |	241
737							      |	242
736							      |	242
736							      |	244
736							      |	245
735							      |	246
735							      |	246
733							      |	247
733							      |	248
730							      |	249
729							      |	249
729							      |	251
728							      |	251
727							      |	252
727							      |	253
727							      |	254
726							      |	255
725							      |	255
724							      |	257
721							      |	257
720							      |	258
720							      |	259
718							      |	259
718							      |	259
716							      |	261
713							      |	263
710							      |	263
708							      |	263
708							      |	263
707							      |	265
705							      |	265
704							      |	265
703							      |	268
703							      |	270
701							      |	270
701							      |	270
699							      |	271
697							      |	271
696							      |	272
696							      |	272
694							      |	272
693							      |	273
693							      |	274
692							      |	275
691							      |	276
687							      |	277
686							      |	277
686							      |	277
686							      |	278
686							      |	279
685							      |	280
685							      |	280
684							      |	281
683							      |	282
682							      |	283
680							      |	284
680							      |	285
679							      |	285
677							      |	288
676							      |	288
674							      |	288
672							      |	288
671							      |	289
669							      |	290
668							      |	290
667							      |	290
667							      |	291
666							      |	291
665							      |	293
665							      |	294
664							      |	294
664							      |	294
663							      |	295
658							      |	295
658							      |	295
658							      |	297
656							      |	298
656							      |	298
656							      |	299
654							      |	299
654							      |	301
654							      |	301
653							      |	303
653							      |	305
652							      |	306
650							      |	307
649							      |	309
649							      |	309
648							      |	310
647							      |	311
644							      |	312
644							      |	315
644							      |	316
643							      |	316
643							      |	317
641							      |	318
638							      |	319
637							      |	320
636							      |	320
634							      |	321
633							      |	322
632							      |	323
632							      |	324
631							      |	324
630							      |	326
627							      |	327
627							      |	329
626							      |	330
626							      |	331
625							      |	332
624							      |	333
623							      |	334
623							      |	337
622							      |	338
621							      |	339
621							      |	339
619							      |	340
618							      |	340
616							      |	342
616							      |	342
							      >	342
							      >	344
							      >	344
							      >	345
							      >	347
							      >	347
							      >	347
							      >	350
							      >	352
							      >	353
							      >	354
							      >	354
							      >	355
							      >	355
							      >	355
							      >	357
							      >	357
							      >	357
							      >	358
							      >	360
							      >	365
							      >	367
							      >	367
							      >	368
							      >	368
							      >	368
							      >	369
							      >	369
							      >	369
							      >	369
							      >	370
							      >	371
							      >	373
							      >	373
							      >	374
							      >	374
							      >	379
							      >	380
							      >	380
							      >	384
							      >	388
							      >	388
							      >	389
							      >	389
							      >	389
							      >	390
							      >	390
							      >	391
							      >	391
							      >	394
							      >	395
							      >	396
							      >	396
							      >	396
							      >	396
							      >	404
							      >	405
							      >	405
							      >	405
							      >	408
							      >	408
							      >	411
							      >	412
							      >	413
							      >	413
							      >	416
							      >	416
							      >	416
							      >	418
							      >	419
							      >	420
							      >	422
							      >	424
							      >	425
							      >	425
							      >	425
							      >	425
							      >	429
							      >	431
							      >	433
							      >	433
							      >	434
							      >	434
							      >	436
							      >	437
							      >	437
							      >	438
							      >	439
							      >	439
							      >	439
							      >	441
							      >	441
							      >	442
							      >	443
							      >	444
							      >	445
							      >	445
							      >	446
							      >	447
							      >	448
							      >	448
							      >	448
							      >	449
							      >	449
							      >	449
							      >	450
							      >	450
							      >	451
							      >	454
							      >	454
							      >	454
							      >	455
							      >	456
							      >	456
							      >	457
							      >	457
							      >	457
							      >	458
							      >	459
							      >	459
							      >	460
							      >	461
							      >	462
							      >	463
							      >	464
							      >	466
							      >	468
							      >	468
							      >	469
							      >	473
							      >	473
							      >	474
							      >	474
							      >	475
							      >	476
							      >	477
							      >	477
							      >	477
							      >	478
							      >	478
							      >	480
							      >	480
							      >	482
							      >	482
							      >	483
							      >	484
							      >	485
							      >	485
							      >	486
							      >	486
							      >	487
							      >	489
							      >	490
							      >	491
							      >	495
							      >	495
							      >	496
							      >	496
							      >	499
							      >	504
							      >	508
							      >	509
							      >	509
							      >	510
							      >	511
							      >	513
							      >	514
							      >	514
							      >	516
							      >	516
							      >	516
							      >	516
							      >	517
							      >	518
							      >	521
							      >	522
							      >	523
							      >	523
							      >	523
							      >	525
							      >	526
							      >	527
							      >	527
							      >	528
							      >	528
							      >	533
							      >	534
							      >	534
							      >	535
							      >	535
							      >	536
							      >	536
							      >	537
							      >	539
							      >	542
							      >	546
							      >	546
							      >	549
							      >	549
							      >	549
							      >	550
							      >	550
							      >	551
							      >	551
							      >	552
							      >	552
							      >	553
							      >	554
							      >	555
							      >	555
							      >	557
							      >	558
							      >	562
							      >	565
							      >	565
							      >	568
							      >	568
							      >	569
							      >	572
							      >	572
							      >	573
							      >	575
							      >	576
							      >	578
							      >	579
							      >	579
							      >	580
							      >	581
							      >	583
							      >	583
							      >	584
							      >	584
							      >	586
							      >	587
							      >	588
							      >	588
							      >	589
							      >	589
							      >	593
							      >	593
							      >	594
							      >	594
							      >	595
							      >	598
							      >	598
							      >	598
							      >	599
							      >	599
							      >	600
							      >	603
							      >	605
							      >	606
							      >	608
							      >	610
							      >	610
							      >	612
							      >	613
613							      |	616
612							      |	616
610							      |	618
610							      |	619
608							      |	621
606							      |	621
605							      |	622
603							      |	623
600							      |	623
599							      |	624
599							      |	625
598							      |	626
598							      |	626
598							      |	627
595							      |	627
594							      |	630
594							      |	631
593							      |	632
593							      |	632
589							      |	633
589							      |	634
588							      |	636
588							      |	637
587							      |	638
586							      |	641
584							      |	643
584							      |	643
583							      |	644
583							      |	644
581							      |	644
580							      |	647
579							      |	648
579							      |	649
578							      |	649
576							      |	650
575							      |	652
573							      |	653
572							      |	653
572							      |	654
569							      |	654
568							      |	654
568							      |	656
565							      |	656
565							      |	656
562							      |	658
558							      |	658
557							      |	658
555							      |	663
555							      |	664
554							      |	664
553							      |	665
552							      |	665
552							      |	666
551							      |	667
551							      |	667
550							      |	668
550							      |	669
549							      |	671
549							      |	672
549							      |	674
546							      |	676
546							      |	677
542							      |	679
539							      |	680
537							      |	680
536							      |	682
536							      |	683
535							      |	684
535							      |	685
534							      |	685
534							      |	686
533							      |	686
528							      |	686
528							      |	686
527							      |	687
527							      |	691
526							      |	692
525							      |	693
523							      |	693
523							      |	694
523							      |	696
522							      |	696
521							      |	697
518							      |	699
517							      |	701
516							      |	701
516							      |	703
516							      |	703
516							      |	704
514							      |	705
514							      |	707
513							      |	708
511							      |	708
510							      |	710
509							      |	713
509							      |	716
508							      |	718
504							      |	718
499							      |	720
496							      |	720
496							      |	721
495							      |	724
495							      |	725
491							      |	726
490							      |	727
489							      |	727
487							      |	727
486							      |	728
486							      |	729
485							      |	729
485							      |	730
484							      |	733
483							      |	733
482							      |	735
482							      |	735
480							      |	736
480							      |	736
478							      |	736
478							      |	737
477							      |	737
477							      |	738
477							      |	738
476							      |	740
475							      |	742
474							      |	743
474							      |	743
473							      |	746
473							      |	747
469							      |	749
468							      |	750
468							      |	750
466							      |	751
464							      |	753
463							      |	753
462							      |	754
461							      |	755
460							      |	755
459							      |	756
459							      |	757
458							      |	757
457							      |	759
457							      |	760
457							      |	760
456							      |	762
456							      |	762
455							      |	762
454							      |	765
454							      |	766
454							      |	767
451							      |	767
450							      |	768
450							      |	769
449							      |	773
449							      |	773
449							      |	777
448							      |	778
448							      |	778
448							      |	779
447							      |	779
446							      |	781
445							      |	782
445							      |	782
444							      |	786
443							      |	786
442							      |	786
441							      |	788
441							      |	788
439							      |	792
439							      |	792
439							      |	793
438							      |	793
437							      |	795
437							      |	795
436							      |	796
434							      |	800
434							      |	800
433							      |	801
433							      |	804
431							      |	805
429							      |	805
425							      |	806
425							      |	807
425							      |	810
425							      |	812
424							      |	816
422							      |	819
420							      |	819
419							      |	819
418							      |	820
416							      |	820
416							      |	821
416							      |	822
413							      |	823
413							      |	825
412							      |	828
411							      |	828
408							      |	828
408							      |	828
405							      |	829
405							      |	829
405							      |	829
404							      |	831
396							      |	833
396							      |	834
396							      |	835
396							      |	836
395							      |	842
394							      |	845
391							      |	845
391							      |	847
390							      |	849
390							      |	849
389							      |	850
389							      |	850
389							      |	851
388							      |	851
388							      |	853
384							      |	853
380							      |	855
380							      |	856
379							      |	856
374							      |	857
374							      |	857
373							      |	859
373							      |	860
371							      |	861
370							      |	862
369							      |	863
369							      |	865
369							      |	866
369							      |	867
368							      |	867
368							      |	867
368							      |	868
367							      |	872
367							      |	873
365							      |	874
360							      |	875
358							      |	876
357							      |	876
357							      |	877
357							      |	878
355							      |	879
355							      |	880
355							      |	881
354							      |	882
354							      |	882
353							      |	882
352							      |	882
350							      |	882
347							      |	883
347							      |	883
347							      |	884
345							      |	884
344							      |	885
344							      |	886
342							      |	888
342							      |	890
342							      |	891
340							      |	891
340							      |	892
339							      |	893
339							      |	895
338							      |	896
337							      |	897
334							      |	897
333							      |	897
332							      |	898
331							      |	899
330							      |	899
329							      |	899
327							      |	904
326							      |	904
324							      |	906
324							      |	906
323							      |	909
322							      |	910
321							      |	911
320							      |	912
320							      |	912
319							      |	913
318							      |	913
317							      |	914
316							      |	914
316							      |	915
315							      |	916
312							      |	916
311							      |	916
310							      |	917
309							      |	918
309							      |	919
307							      |	920
306							      |	922
305							      |	922
303							      |	923
301							      |	923
301							      |	924
299							      |	924
299							      |	925
298							      |	926
298							      |	926
297							      |	928
295							      |	929
295							      |	931
295							      |	932
294							      |	932
294							      |	933
294							      |	933
293							      |	934
291							      |	935
291							      |	938
290							      |	938
290							      |	940
290							      |	940
289							      |	940
288							      |	941
288							      |	941
288							      |	941
288							      |	945
285							      |	946
285							      |	949
284							      |	949
283							      |	949
282							      |	949
281							      |	951
280							      |	953
280							      |	954
279							      |	954
278							      |	955
277							      |	956
277							      |	956
277							      |	956
276							      |	956
275							      |	956
274							      |	958
273							      |	959
272							      |	960
272							      |	960
272							      |	961
271							      |	961
271							      |	962
270							      |	964
270							      |	964
270							      |	965
268							      |	965
265							      |	965
265							      |	966
265							      |	967
263							      |	970
263							      |	971
263							      |	971
263							      |	977
261							      |	977
259							      |	981
259							      |	983
259							      |	983
258							      |	984
257							      |	985
257							      |	985
255							      |	985
255							      |	986
254							      |	986
253							      |	988
252							      |	992
251							      |	993
251							      |	994
249							      |	998
249							      |	999
248							      |	999
247							      <
246							      <
246							      <
245							      <
244							      <
242							      <
242							      <
241							      <
240							      <
239							      <
238							      <
238							      <
235							      <
233							      <
231							      <
231							      <
231							      <
230							      <
230							      <
229							      <
228							      <
228							      <
228							      <
227							      <
225							      <
225							      <
223							      <
220							      <
219							      <
216							      <
214							      <
213							      <
213							      <
212							      <
212							      <
209							      <
209							      <
209							      <
208							      <
208							      <
208							      <
208							      <
207							      <
207							      <
206							      <
205							      <
205							      <
203							      <
202							      <
201							      <
201							      <
200							      <
200							      <
199							      <
198							      <
197							      <
196							      <
196							      <
195							      <
195							      <
192							      <
192							      <
192							      <
190							      <
186							      <
186							      <
185							      <
181							      <
180							      <
179							      <
178							      <
175							      <
175							      <
174							      <
174							      <
174							      <
171							      <
169							      <
168							      <
168							      <
167							      <
166							      <
164							      <
163							      <
161							      <
157							      <
155							      <
154							      <
153							      <
149							      <
148							      <
148							      <
148							      <
148							      <
147							      <
147							      <
147							      <
146							      <
146							      <
145							      <
145							      <
143							      <
142							      <
142							      <
142							      <
141							      <
139							      <
137							      <
137							      <
135							      <
135							      <
134							      <
134							      <
133							      <
133							      <
131							      <
131							      <
130							      <
129							      <
128							      <
128							      <
127							      <
125							      <
125							      <
123							      <
121							      <
120							      <
120							      <
120							      <
119							      <
119							      <
118							      <
116							      <
113							      <
113							      <
113							      <
112							      <
111							      <
111							      <
110							      <
109							      <
108							      <
106							      <
106							      <
106							      <
104							      <
103							      <
103							      <
102							      <
101							      <
100							      <
98							      <
97							      <
96							      <
94							      <
93							      <
92							      <
91							      <
90							      <
89							      <
87							      <
87							      <
87							      <
86							      <
86							      <
84							      <
84							      <
83							      <
82							      <
81							      <
81							      <
80							      <
79							      <
78							      <
77							      <
76							      <
76							      <
76							      <
72							      <
71							      <
70							      <
70							      <
68							      <
66							      <
64							      <
63							      <
63							      <
62							      <
62							      <
58							      <
56							      <
55							      <
54							      <
53							      <
52							      <
52							      <
51							      <
50							      <
49							      <
49							      <
48							      <
48							      <
48							      <
47							      <
46							      <
45							      <
43							      <
41							      <
41							      <
40							      <
37							      <
37							      <
37							      <
36							      <
35							      <
35							      <
35							      <
34							      <
34							      <
33							      <
32							      <
32							      <
31							      <
31							      <
31							      <
31							      <
30							      <
30							      <
29							      <
29							      <
26							      <
24							      <
23							      <
23							      <
22							      <
20							      <
20							      <
20							      <
19							      <
18							      <
18							      <
15							      <
14							      <
12							      <
12							      <
10							      <
9							      <
6							      <
6							      <
6							      <
5							      <
4							      <
4							      <
4							      <
2							      <
2							      <
1							      <
